

			NORMAL	 WEIGHT	 OVERWEIGHT		OBESE

BMI Value:	19	20	21	22	23	24	25	26	27	28	29	30	31	32	33	34	35

Height
cms (meters)		Body Weight
(kilograms / kg)
147cm (1.47m) (4.82ft)	41	44	45	48	50	52	54	56	59	61	63	65	67	69	72	73	76
150cm (1.50m) (4.92ft)	43	45	47	49	52	54	56	58	60	63	65	67	69	72	74	76	78
152cm (1.52m) (4.98ft)	44	46	49	51	54	56	58	60	63	65	67	69	72	74	76	79	81
155cm (1.55m) (5.08ft)	45	48	50	53	55	57	60	62	65	67	69	72	74	77	79	82	84
157cm (1.57m) (5.15ft)	47	49	52	54	57	59	62	64	67	69	72	74	77	79	82	84	87
160cm (1.60m) (5.24ft)	49	51	54	56	59	61	64	66	69	72	74	77	79	82	84	87	89
163cm (1.63m) (5.34ft)	50	53	55	58	61	64	66	68	71	74	77	79	82	84	87	89	93
165cm (1.65m) (5.41ft)	52	54	57	60	63	65	68	71	73	76	79	82	84	87	90	93	95
168cm (1.68m) (5.51ft)	54	56	59	62	64	67	70	73	76	78	81	84	87	90	93	95	98
170cm (1.70m) (5.57ft)	55	57	61	64	66	69	72	75	78	81	84	87	90	93	96	98	101
172cm (1.72m) (5.64ft)	57	59	63	65	68	72	74	78	80	83	86	89	92	95	98	101	104
175cm (1.75m) (5.74ft)	58	61	64	68	70	73	77	80	83	86	89	92	95	98	101	104	107
178cm (1.78m) (5.83ft)	60	63	66	69	73	76	79	82	85	88	92	95	98	101	104	107	110
180cm (1.80m) (5.91ft)	62	65	68	71	75	78	81	84	88	91	94	98	101	104	107	110	113
183cm (1.83m) (6ft)	64	67	70	73	77	80	83	87	90	93	97	100	103	107	110	113	117
185cm (1.85m) (6.06ft)	65	68	72	75	79	83	86	89	93	96	99	103	107	110	113	117	120
188cm (1.88m) (6.17ft)	67	70	74	78	81	84	88	92	95	99	102	106	109	113	116	120	123
191cm (1.91m) (6.26ft)	69	73	76	80	83	87	91	94	98	102	105	109	112	116	120	123	127
193cm (1.93m) (6.33ft)	71	74	78	82	86	89	93	97	100	104	108	112	115	119	123	127	130
Height
cms (meters)	Body Weight
(kilograms / kg)
BMI Value:	19	20	21	22	23	24	25	26	27	28	29	30	31	32	33	34	35




							Your BMI - 0.14
